1
22
36
59
76
80
81
86
103
105
135
147
175
202
213
222
237
252
253
270
343
352
360
365
366
404
408
411
450
455
469
473
480
486
497
508
510
514
526
531
533
536
541
546
560
561
569
570
581
590
596
604
609
625
640
655
657
661
674
694
731
776
777
807
825
831
839
844
846
848
853
861
864
865
871
876
879
890
891
905
948
961
965
975
1023
1084
1124
1154
1161
1168
1174
1177
1231
1238
1245
1251
1260
1273
1294
1299
1300
1306
1317
1352
1372
1378
1380
1391
1393
1395
1432
1459
1484
1485
1495
1497
1500
1508
1509
1529
1539
1560
1565
1588
1597
1610
1620
1631
1647
1649
1654
1667
1691
1706
1722
1734
1786
1791
1799
1806
1823
1832
1854
1865
1877
1906
1910
1941
1942
1966
1998
2002
2007
2011
2012
2024
2048
2053
2065
2068
2078
2095
2108
2162
2168
2169
2174
2184
2193
2226
2253
2255
2263
2268
2271
2279
2288
2303
2310
2315
2320
2321
2322
2339
2340
2346
2349
